
### originattn_v3_e002  (n=12 of 12 test clips)
clip     origin       v3      gap  o_sharp v3_sharp   ratio    offset origin_off
0042     0.4337   0.6968  +0.2631   0.0080   0.0013   0.162 (-12, -12) (-12, -12)
0052     0.4432   0.7298  +0.2866   0.0136   0.0029   0.213 (-12, -12) (-12, -12)
0125     0.4768   0.7435  +0.2667   0.0094   0.0020   0.213 (-12, -12) (-12, -12)
0128     0.4146   0.8821  +0.4675   0.0136   0.0015   0.110 (-12, -12) (-12, -12)
0141     0.4709   0.6381  +0.1672   0.0049   0.0012   0.245 (-12, -12) (-12, -12)
0147     0.5183   0.6051  +0.0868   0.0066   0.0023   0.348 (-12, -12) (-12, -12)
0170     0.2617   0.8587  +0.5970   0.0164   0.0010   0.061  (-28, 0)   (-28, 0)
0204     0.2122   0.5817  +0.3695   0.0062   0.0013   0.210  (-28, 0)   (-28, 0)
0225     0.2837   0.6981  +0.4144   0.0113   0.0018   0.159  (-28, 0)   (-28, 0)
0251     0.3505   0.6445  +0.2940   0.0084   0.0020   0.238  (-28, 0)   (-28, 0)
0259     0.4397   0.9243  +0.4846   0.0311   0.0042   0.135  (-28, 0)   (-28, 0)
0301     0.4445   0.9182  +0.4737   0.0235   0.0031   0.132  (-28, 0)   (-28, 0)
MEAN     0.3958   0.7434  +0.3476                     0.186
improved=0/12  worst=+0.5970 (0170)  best=+0.0868 (0147)
0160 (train-seen): 0.4387 -> 1.0189 = +0.5802
offset changed vs origin on: none (geometry unchanged)
