
### originattn_v3_e001  (n=12 of 12 test clips)
clip     origin       v3      gap  o_sharp v3_sharp   ratio    offset origin_off
0042     0.4337   0.6961  +0.2624   0.0080   0.0018   0.225 (-12, -12) (-12, -12)
0052     0.4432   0.7212  +0.2780   0.0136   0.0035   0.257 (-12, -12) (-12, -12)
0125     0.4768   0.7346  +0.2578   0.0094   0.0024   0.255 (-12, -12) (-12, -12)
0128     0.4146   0.8812  +0.4666   0.0136   0.0021   0.154 (-12, -12) (-12, -12)
0141     0.4709   0.6585  +0.1876   0.0049   0.0018   0.367 (-12, -12) (-12, -12)
0147     0.5183   0.6217  +0.1034   0.0066   0.0027   0.409 (-12, -12) (-12, -12)
0170     0.2617   0.8447  +0.5830   0.0164   0.0015   0.091  (-28, 0)   (-28, 0)
0204     0.2122   0.6094  +0.3972   0.0062   0.0015   0.242  (-28, 0)   (-28, 0)
0225     0.2837   0.7465  +0.4628   0.0113   0.0023   0.204  (-28, 0)   (-28, 0)
0251     0.3505   0.6421  +0.2916   0.0084   0.0024   0.286  (-28, 0)   (-28, 0)
0259     0.4397   0.9057  +0.4660   0.0311   0.0062   0.199  (-28, 0)   (-28, 0)
0301     0.4445   0.8960  +0.4515   0.0235   0.0045   0.191  (-28, 0)   (-28, 0)
MEAN     0.3958   0.7465  +0.3507                     0.240
improved=0/12  worst=+0.5830 (0170)  best=+0.1034 (0147)
0160 (train-seen): 0.4387 -> 1.0048 = +0.5661
offset changed vs origin on: none (geometry unchanged)
