  self.load_state_dict(torch.load(model_path, map_location='cpu'), strict=False)
[temporal] RAFT loaded
clip/config                        tLP  tLP/GT    warp  warp/GT    seam  nonseam  ratio
0160_GT                         0.0298   1.000  0.0150    1.000  0.0229   0.0239  0.957
0160_origin                     0.0367   1.229  0.0160    1.065  0.0354   0.0178  1.996
0160_all_8k                     0.0359   1.202  0.0158    1.054  0.0354   0.0176  2.007
0170_GT                         0.1457   1.000  0.0153    1.000  0.0903   0.0914  0.988
0170_origin                     0.1399   0.960  0.0187    1.221  0.0627   0.0601  1.044
0170_all_8k                     0.1403   0.963  0.0192    1.253  0.0650   0.0618  1.051
0204_GT                         0.0291   1.000  0.0101    1.000  0.0127   0.0132  0.959
0204_origin                     0.0284   0.976  0.0077    0.755  0.0145   0.0082  1.768
0204_all_8k                     0.0288   0.991  0.0079    0.781  0.0156   0.0085  1.836
0042_GT                         0.0680   1.000  0.0058    1.000  0.0244   0.0246  0.993
0042_origin                     0.0574   0.845  0.0059    1.003  0.0224   0.0200  1.124
0042_all_8k                     0.0578   0.850  0.0059    1.012  0.0232   0.0201  1.155
0052_GT                         0.1230   1.000  0.0082    1.000  0.0499   0.0487  1.023
0052_origin                     0.1179   0.958  0.0088    1.076  0.0482   0.0451  1.069
0052_all_8k                     0.1182   0.961  0.0089    1.085  0.0489   0.0455  1.075
