  self.load_state_dict(torch.load(model_path, map_location='cpu'), strict=False)
[temporal] RAFT loaded
clip/config                        tLP  tLP/GT    warp  warp/GT    seam  nonseam  ratio
0042_GT                         0.0631   1.000  0.0062    1.000  0.0253   0.0258  0.982
0042_origin                     0.0562   0.891  0.0076    1.221  0.0274   0.0216  1.265
0042_all_8k                     0.0567   0.900  0.0076    1.218  0.0276   0.0221  1.247
0052_GT                         0.1244   1.000  0.0113    1.000  0.0664   0.0652  1.018
0052_origin                     0.1228   0.987  0.0130    1.153  0.0653   0.0618  1.056
0052_all_8k                     0.1233   0.991  0.0131    1.167  0.0669   0.0631  1.061
0125_GT                         0.2260   1.000  0.0086    1.000  0.0610   0.0607  1.006
0125_origin                     0.2139   0.947  0.0126    1.474  0.0530   0.0501  1.058
0125_all_8k                     0.2158   0.955  0.0130    1.517  0.0539   0.0516  1.045
0128_GT                         0.0661   1.000  0.0088    1.000  0.0278   0.0266  1.045
0128_origin                     0.0613   0.927  0.0106    1.206  0.0246   0.0201  1.223
0128_all_8k                     0.0622   0.941  0.0111    1.253  0.0264   0.0208  1.267
0141_GT                         0.0378   1.000  0.0071    1.000  0.0084   0.0084  1.000
0141_origin                     0.0141   0.374  0.0038    0.530  0.0085   0.0044  1.959
0141_all_8k                     0.0140   0.371  0.0038    0.531  0.0082   0.0044  1.867
0147_GT                         0.0670   1.000  0.0055    1.000  0.0170   0.0174  0.975
0147_origin                     0.0626   0.934  0.0056    1.021  0.0207   0.0159  1.304
0147_all_8k                     0.0620   0.926  0.0054    0.995  0.0201   0.0158  1.273
0170_GT                         0.1231   1.000  0.0195    1.000  0.1134   0.1145  0.990
0170_origin                     0.1209   0.982  0.0253    1.298  0.0809   0.0775  1.044
0170_all_8k                     0.1219   0.990  0.0263    1.347  0.0847   0.0806  1.050
0204_GT                         0.0302   1.000  0.0121    1.000  0.0164   0.0170  0.965
0204_origin                     0.0298   0.989  0.0090    0.748  0.0162   0.0100  1.614
0204_all_8k                     0.0300   0.995  0.0095    0.788  0.0172   0.0106  1.618
0225_GT                         0.0246   1.000  0.0187    1.000  0.0208   0.0215  0.967
0225_origin                     0.0280   1.137  0.0140    0.748  0.0245   0.0142  1.729
0225_all_8k                     0.0285   1.158  0.0146    0.784  0.0264   0.0148  1.778
0251_GT                         0.0752   1.000  0.0073    1.000  0.0179   0.0215  0.836
0251_origin                     0.0734   0.976  0.0089    1.213  0.0201   0.0189  1.064
0251_all_8k                     0.0740   0.985  0.0092    1.257  0.0215   0.0192  1.121
0259_GT                         0.0188   1.000  0.0100    1.000  0.0106   0.0123  0.867
0259_origin                     0.0294   1.563  0.0139    1.390  0.0300   0.0139  2.161
0259_all_8k                     0.0293   1.554  0.0147    1.466  0.0328   0.0145  2.266
0301_GT                         0.3147   1.000  0.0697    1.000  0.1417   0.1404  1.010
0301_origin                     0.2846   0.904  0.0417    0.597  0.0862   0.0822  1.048
0301_all_8k                     0.2813   0.894  0.0454    0.651  0.0937   0.0894  1.048
0160_GT                         0.0383   1.000  0.0197    1.000  0.0312   0.0322  0.970
0160_origin                     0.0442   1.153  0.0213    1.077  0.0446   0.0245  1.820
0160_all_8k                     0.0430   1.122  0.0210    1.065  0.0437   0.0245  1.783
