clip/config                           offset  leftPSNR    LPIPS    sharp
--- 0042 GT ---                                          0.0000   0.0074
0042_origin                        (-12,-12)     49.85   0.2309   0.0080
0042_fit_c13                       (-12,-12)     49.85   0.2299   0.0083
--- 0052 GT ---                                          0.0000   0.0084
0052_origin                        (-12,-12)     52.06   0.1766   0.0134
0052_fit_c13                       (-12,-12)     52.06   0.1762   0.0136
--- 0125 GT ---                                          0.0000   0.0121
0125_origin                        (-12,-12)     50.56   0.2988   0.0101
0125_fit_c13                       (-12,-12)     50.56   0.2926   0.0105
--- 0128 GT ---                                          0.0000   0.0117
0128_origin                        (-12,-12)     50.04   0.3049   0.0136
0128_fit_c13                       (-12,-12)     50.04   0.3033   0.0140
--- 0141 GT ---                                          0.0000   0.0038
0141_origin                        (-12,-12)     55.14   0.2068   0.0049
0141_fit_c13                       (-12,-12)     55.14   0.2049   0.0049
--- 0147 GT ---                                          0.0000   0.0039
0147_origin                        (-12,-12)     51.26   0.1416   0.0066
0147_fit_c13                       (-12,-12)     51.26   0.1431   0.0067
--- 0170 GT ---                                          0.0000   0.0328
0170_origin                          (-28,0)     47.38   0.1825   0.0205
0170_fit_c13                         (-28,0)     46.99   0.1848   0.0210
--- 0204 GT ---                                          0.0000   0.0116
0204_origin                          (-28,0)     51.00   0.2100   0.0057
0204_fit_c13                         (-28,0)     51.00   0.2086   0.0056
--- 0225 GT ---                                          0.0000   0.0132
0225_origin                          (-28,0)     45.15   0.2563   0.0120
0225_fit_c13                         (-28,0)     45.15   0.2580   0.0119
--- 0251 GT ---                                          0.0000   0.0176
0251_origin                          (-28,0)     51.34   0.2865   0.0086
0251_fit_c13                         (-28,0)     51.34   0.2866   0.0086
--- 0259 GT ---                                          0.0000   0.0452
0259_origin                          (-28,0)     47.03   0.3768   0.0262
0259_fit_c13                         (-28,0)     47.03   0.3733   0.0276
--- 0301 GT ---                                          0.0000   0.0506
0301_origin                          (-28,0)     46.26   0.4573   0.0232
0301_fit_c13                         (-28,0)     46.26   0.4304   0.0247
--- 0160 GT ---                                          0.0000   0.0531
0160_origin                          (-28,0)     41.65   0.3526   0.0315
0160_fit_c13                         (-28,0)     41.65   0.3513   0.0319
