clip/config                           offset  leftPSNR    LPIPS    sharp
--- 0160 GT ---                                          0.0000   0.0531
0160_origin                          (-28,0)     43.73   0.3357   0.0249
0160_all_8k                          (-28,0)     43.73   0.3354   0.0251
0160_all_8k_hires                    (-28,0)     43.73   0.3349   0.0251
--- 0170 GT ---                                          0.0000   0.0328
0170_origin                          (-28,0)     44.69   0.2306   0.0167
0170_all_8k                          (-28,0)     44.69   0.2286   0.0171
0170_all_8k_hires                    (-28,0)     44.69   0.2311   0.0169
--- 0204 GT ---                                          0.0000   0.0116
0204_origin                          (-28,0)     48.63   0.1882   0.0057
0204_all_8k                          (-28,0)     48.63   0.1838   0.0058
0204_all_8k_hires                    (-28,0)     48.63   0.1862   0.0057
--- 0042 GT ---                                          0.0000   0.0074
0042_origin                        (-12,-12)     51.16   0.1994   0.0057
0042_all_8k                        (-12,-12)     51.16   0.1971   0.0058
0042_all_8k_hires                  (-12,-12)     51.16   0.1987   0.0058
--- 0052 GT ---                                          0.0000   0.0084
0052_origin                        (-12,-12)     49.39   0.1970   0.0091
0052_all_8k                        (-12,-12)     49.39   0.1966   0.0092
0052_all_8k_hires                  (-12,-12)     49.39   0.1974   0.0091
