clip/config                           offset  leftPSNR    LPIPS    sharp
--- 0160 GT ---                                          0.0000   0.0531
0160_origin                          (-28,0)     43.66   0.3388   0.0245
0160_ref13                           (-28,0)     43.66   0.3510   0.0237
0160_all_8k                          (-28,0)     43.66   0.3397   0.0246
0160_all_8k_hires                    (-28,0)     43.66   0.3390   0.0247
--- 0170 GT ---                                          0.0000   0.0328
0170_origin                          (-28,0)     44.58   0.2298   0.0172
0170_ref13                           (-28,0)     44.58   0.2356   0.0169
0170_all_8k                          (-28,0)     44.58   0.2278   0.0176
0170_all_8k_hires                    (-28,0)     44.58   0.2304   0.0173
--- 0204 GT ---                                          0.0000   0.0116
0204_origin                          (-28,0)     48.73   0.1840   0.0054
0204_ref13                           (-28,0)     48.73   0.1876   0.0050
0204_all_8k                          (-28,0)     48.73   0.1785   0.0055
0204_all_8k_hires                    (-28,0)     48.73   0.1809   0.0054
--- 0042 GT ---                                          0.0000   0.0074
0042_origin                        (-12,-12)     51.20   0.1999   0.0058
0042_ref13                         (-12,-12)     51.20   0.1993   0.0059
0042_all_8k                        (-12,-12)     51.20   0.1978   0.0058
0042_all_8k_hires                  (-12,-12)     51.20   0.1994   0.0058
--- 0052 GT ---                                          0.0000   0.0084
0052_origin                        (-12,-12)     49.35   0.1994   0.0095
0052_ref13                         (-12,-12)     49.35   0.2003   0.0094
0052_all_8k                        (-12,-12)     49.35   0.1992   0.0096
0052_all_8k_hires                  (-12,-12)     49.35   0.1998   0.0095
