clip/config                           offset  leftPSNR    LPIPS    sharp
--- 0042 GT ---                                          0.0000   0.0074
0042_origin                        (-12,-12)     49.85   0.2309   0.0080
0042_ref_multiclip13               (-12,-12)     49.85   0.2303   0.0085
--- 0052 GT ---                                          0.0000   0.0084
0052_origin                        (-12,-12)     52.06   0.1766   0.0134
0052_ref_multiclip13               (-12,-12)     52.06   0.1773   0.0132
--- 0125 GT ---                                          0.0000   0.0121
0125_origin                        (-12,-12)     50.56   0.2988   0.0101
0125_ref_multiclip13               (-12,-12)     50.56   0.3030   0.0098
--- 0128 GT ---                                          0.0000   0.0117
0128_origin                        (-12,-12)     50.04   0.3049   0.0136
0128_ref_multiclip13               (-12,-12)     50.04   0.3052   0.0137
--- 0141 GT ---                                          0.0000   0.0038
0141_origin                        (-12,-12)     55.14   0.2068   0.0049
0141_ref_multiclip13               (-12,-12)     55.14   0.2063   0.0051
--- 0147 GT ---                                          0.0000   0.0039
0147_origin                        (-12,-12)     51.26   0.1416   0.0066
0147_ref_multiclip13               (-12,-12)     52.37   0.1434   0.0070
--- 0170 GT ---                                          0.0000   0.0328
0170_origin                          (-28,0)     47.38   0.1825   0.0205
0170_ref_multiclip13                 (-28,0)     47.38   0.1844   0.0207
--- 0204 GT ---                                          0.0000   0.0116
0204_origin                          (-28,0)     51.00   0.2100   0.0057
0204_ref_multiclip13                 (-28,0)     51.00   0.2129   0.0053
--- 0225 GT ---                                          0.0000   0.0132
0225_origin                          (-28,0)     45.15   0.2563   0.0120
0225_ref_multiclip13                 (-28,0)     45.15   0.2658   0.0110
--- 0251 GT ---                                          0.0000   0.0176
0251_origin                          (-28,0)     51.34   0.2865   0.0086
0251_ref_multiclip13                 (-28,0)     51.34   0.2924   0.0082
--- 0259 GT ---                                          0.0000   0.0452
0259_origin                          (-28,0)     47.03   0.3768   0.0262
0259_ref_multiclip13                 (-28,0)     47.03   0.3780   0.0264
--- 0301 GT ---                                          0.0000   0.0506
0301_origin                          (-28,0)     46.26   0.4573   0.0232
0301_ref_multiclip13                 (-28,0)     46.26   0.4407   0.0231
--- 0160 GT ---                                          0.0000   0.0531
0160_origin                          (-28,0)     41.65   0.3526   0.0315
0160_ref_multiclip13                 (-28,0)     41.65   0.3554   0.0316
