clip/config                           offset  leftPSNR    LPIPS    sharp
--- 0160 GT ---                                          0.0000   0.0531
0160_origin                          (-28,0)     41.65   0.3526   0.0315
0160_ref_multiclip13                 (-28,0)     41.65   0.3554   0.0316
0160_origin_s1                       (-28,0)     45.64   0.3526   0.0312
0160_ref13_s1                        (-28,0)     45.64   0.3559   0.0313
0160_origin_s2                       (-28,0)     45.64   0.3522   0.0314
0160_ref13_s2                        (-28,0)     45.64   0.3558   0.0315
0160_origin_s3                       (-28,0)     45.64   0.3537   0.0311
0160_ref13_s3                        (-28,0)     45.64   0.3568   0.0311
--- 0042 GT ---                                          0.0000   0.0074
0042_origin_s1                     (-12,-12)     50.40   0.2319   0.0079
0042_ref13_s1                      (-12,-12)     50.40   0.2308   0.0084
0042_origin_s2                     (-12,-12)     49.85   0.2309   0.0081
0042_ref13_s2                      (-12,-12)     49.85   0.2303   0.0085
0042_origin_s3                     (-12,-12)     49.85   0.2313   0.0080
0042_ref13_s3                      (-12,-12)     50.40   0.2308   0.0086
0042_origin                        (-12,-12)     49.85   0.2309   0.0080
0042_ref_multiclip13               (-12,-12)     49.85   0.2303   0.0085
