clip   config          rPSNR  d_rPSNR
0042   origin         17.311   +0.000
0042   g103           17.295   -0.016
0042   g106           17.280   -0.031
0042   g110           17.263   -0.048
0042   g115           17.248   -0.063
0042   g125           17.231   -0.080
0042   s16            17.327   +0.016
0042   s25            17.285   -0.026
0042   s50            17.247   -0.064
0042   s25g106        17.267   -0.043
0204   origin         19.785   +0.000
0204   g103           19.746   -0.039
0204   g106           19.691   -0.094
0204   g110           19.628   -0.157
0204   g115           19.547   -0.238
0204   g125           19.381   -0.404
0204   s16            19.583   -0.202
0204   s25            19.449   -0.336
0204   s50            19.237   -0.548
0204   s25g106        19.384   -0.401
0301   origin         15.503   +0.000
0301   g103           15.430   -0.074
0301   g106           15.329   -0.175
0301   g110           15.206   -0.298
0301   g115           15.061   -0.442
0301   g125           14.751   -0.752
0301   s16            15.227   -0.277
0301   s25            15.056   -0.448
0301   s50            14.804   -0.700
0301   s25g106        14.952   -0.551
