clip   config          rPSNR  d_rPSNR
0042   origin         17.311   +0.000
0042   g100           17.318   +0.007
0042   g103           17.295   -0.016
0042   g106           17.280   -0.031
0042   s16            17.327   +0.016
0042   s25            17.285   -0.026
0204   origin         19.785   +0.000
0204   g100           19.799   +0.014
0204   g103           19.746   -0.039
0204   g106           19.691   -0.094
0204   s16            19.583   -0.202
0204   s25            19.449   -0.336
0301   origin         15.503   +0.000
0301   g100           15.532   +0.028
0301   g103           15.430   -0.074
0301   g106           15.329   -0.175
0301   s16            15.227   -0.277
0301   s25            15.056   -0.448
