clip   config          rPSNR  d_rPSNR
0042   origin         17.311   +0.000
0042   g125           17.231   -0.080
0042   g140           17.232   -0.079
0042   g160           17.236   -0.075
0042   g200           17.130   -0.181
0204   origin         19.785   +0.000
0204   g125           19.381   -0.404
0204   g140           19.172   -0.613
0204   g160           18.952   -0.833
0204   g200           18.658   -1.127
0301   origin         15.503   +0.000
0301   g125           14.751   -0.752
0301   g140           14.322   -1.181
0301   g160           13.758   -1.745
0301   g200           12.825   -2.678
