clip/config                           offset  leftPSNR    LPIPS    sharp
--- 0042 GT ---                                          0.0000   0.0070
0042_origin                        (-12,-12)     51.62   0.4337   0.0080
0042_origin_g100                   (-12,-12)     51.62   0.4340   0.0079
0042_origin_g103                   (-12,-12)     51.62   0.4325   0.0081
0042_origin_g106                   (-12,-12)     51.62   0.4309   0.0083
0042_origin_g110                   (-12,-12)     51.62   0.4290   0.0085
0042_origin_g115                   (-12,-12)     51.62   0.4271   0.0087
0042_origin_g125                   (-12,-12)     51.62   0.4236   0.0091
0042_origin_g140                   (-12,-12)     51.62   0.4201   0.0095
0042_origin_g160                   (-12,-12)     51.62   0.4173   0.0098
0042_origin_g200                   (-12,-12)     51.62   0.4179   0.0102
0042_origin_s16                    (-12,-12)     51.62   0.4215   0.0087
0042_origin_s25                    (-12,-12)     51.62   0.4182   0.0093
0042_origin_s50                    (-12,-12)     51.62   0.4180   0.0102
0042_origin_s25g106                (-12,-12)     51.62   0.4175   0.0095
--- 0204 GT ---                                          0.0000   0.0116
0204_origin                          (-28,0)     48.90   0.2122   0.0062
0204_origin_g100                     (-28,0)     48.90   0.2130   0.0061
0204_origin_g103                     (-28,0)     48.90   0.2100   0.0063
0204_origin_g106                     (-28,0)     48.90   0.2075   0.0064
0204_origin_g110                     (-28,0)     48.90   0.2049   0.0066
0204_origin_g115                     (-28,0)     48.90   0.2026   0.0068
0204_origin_g125                     (-28,0)     48.90   0.1992   0.0071
0204_origin_g140                     (-28,0)     48.90   0.1976   0.0075
0204_origin_g160                     (-28,0)     48.90   0.1990   0.0080
0204_origin_g200                     (-28,0)     48.90   0.2111   0.0085
0204_origin_s16                      (-28,0)     48.90   0.1969   0.0069
0204_origin_s25                      (-28,0)     48.90   0.1950   0.0074
0204_origin_s50                      (-28,0)     48.90   0.1979   0.0081
0204_origin_s25g106                  (-28,0)     48.90   0.1941   0.0075
--- 0301 GT ---                                          0.0000   0.0505
0301_origin                          (-28,0)     46.77   0.4445   0.0235
0301_origin_g100                     (-28,0)     46.77   0.4468   0.0232
0301_origin_g103                     (-28,0)     46.77   0.4378   0.0243
0301_origin_g106                     (-28,0)     46.77   0.4299   0.0254
0301_origin_g110                     (-28,0)     46.77   0.4225   0.0266
0301_origin_g115                     (-28,0)     46.77   0.4164   0.0282
0301_origin_g125                     (-28,0)     46.77   0.4140   0.0314
0301_origin_g140                     (-28,0)     46.77   0.4314   0.0360
0301_origin_g160                     (-28,0)     43.24   0.4692   0.0422
0301_origin_g200                     (-28,0)     43.24   0.5301   0.0526
0301_origin_s16                      (-28,0)     46.77   0.4110   0.0275
0301_origin_s25                      (-28,0)     46.77   0.4083   0.0296
0301_origin_s50                      (-28,0)     46.77   0.4128   0.0328
0301_origin_s25g106                  (-28,0)     46.77   0.4084   0.0306
