clip/config                           offset  leftPSNR    LPIPS    sharp
--- 0042 GT ---                                          0.0000   0.0070
0042_origin                        (-12,-12)     51.62   0.4337   0.0080
0042_origin_g100                   (-12,-12)     51.62   0.4340   0.0079
0042_origin_g103                   (-12,-12)     51.62   0.4325   0.0081
0042_origin_g106                   (-12,-12)     51.62   0.4309   0.0083
0042_origin_s16                    (-12,-12)     51.62   0.4215   0.0087
0042_origin_s25                    (-12,-12)     51.62   0.4182   0.0093
--- 0204 GT ---                                          0.0000   0.0116
0204_origin                          (-28,0)     48.90   0.2122   0.0062
0204_origin_g100                     (-28,0)     48.90   0.2130   0.0061
0204_origin_g103                     (-28,0)     48.90   0.2100   0.0063
0204_origin_g106                     (-28,0)     48.90   0.2075   0.0064
0204_origin_s16                      (-28,0)     48.90   0.1969   0.0069
0204_origin_s25                      (-28,0)     48.90   0.1950   0.0074
--- 0301 GT ---                                          0.0000   0.0505
0301_origin                          (-28,0)     46.77   0.4445   0.0235
0301_origin_g100                     (-28,0)     46.77   0.4468   0.0232
0301_origin_g103                     (-28,0)     46.77   0.4378   0.0243
0301_origin_g106                     (-28,0)     46.77   0.4299   0.0254
0301_origin_s16                      (-28,0)     46.77   0.4110   0.0275
0301_origin_s25                      (-28,0)     46.77   0.4083   0.0296
