clip/config                           offset  leftPSNR    LPIPS    sharp
--- 0301 GT ---                                          0.0000   0.0505
0301_origin                          (-28,0)     46.77   0.4445   0.0235
a1_step300_0301                      (-28,0)     46.77   0.4445   0.0235
a2_step100_0301                      (-28,0)     46.42   0.9369   0.0052
a2_step200_0301                      (-28,0)     46.42   0.9318   0.0050
a2_step300_0301                      (-28,0)     46.42   0.9182   0.0051
a2x0_step100_0301                    (-28,0)     46.42   0.9244   0.0067
a2x0_step200_0301                    (-28,0)     46.42   0.9195   0.0056
a2x0_step300_0301                    (-28,0)     46.42   0.9103   0.0055
a2_hi5_step100_0301                  (-28,0)     46.42   0.7646   0.0118
a2_hi5_step200_0301                  (-28,0)     46.42   0.7026   0.0141
a2_hi5_step300_0301                  (-28,0)     46.42   0.7513   0.0128
origin1step_0301                     (-28,0)     46.77   0.5395   0.0167
null300_1step_0301                   (-28,0)     46.77   0.5514   0.0160
pos300_1step_0301                    (-28,0)     46.42   0.8750   0.0054
