crack_stats.py  STEP=4  crop 576x1024  hard mask = occl>0.5, partial = 16/255<occl<=0.5, thin crack = |err|>0.15 comps width<=3 len>=8
err = mean over RGB of |x-GT| in [0,1]; f01 = %% of region pixels with err>0.1; crack_pm = thin-crack pixels per 1000 region pixels; lap = mean Laplacian^2 of gray(x-GT)

[0] clip info
clip     frames  mask%  part%  align(dy,dx) leftPSNR  pipeL
0042         39   1.50   3.50    (-12, -12)    49.85  40.08
0052         42   1.07   7.00    (-12, -12)    52.06  40.24
0125         41   1.22   4.33    (-12, -12)    50.56  39.85
0128         39   0.60   2.62    (-12, -12)    50.04  39.63
0141         38   2.86   5.62    (-12, -12)    55.14  39.68
0147         43   1.64   2.27    (-12, -12)    51.26  40.08
0170         38   0.07   0.29      (-28, 0)    47.38  38.98
0204         38   0.03   0.19      (-28, 0)    51.00  40.68
0225         38   0.00   0.03      (-28, 0)    45.15  40.45
0251         38   1.89   1.56      (-28, 0)    51.34  40.81
0259         38   1.21   2.56      (-28, 0)    47.03  40.24
0301         38   1.46  15.55      (-28, 0)    46.26  39.12
0160         38   1.79  11.18      (-28, 0)    41.65  39.06

[A] NON-MASK region (hard mask dilated by D px excluded): MAE and %|err|>0.1, warped-vs-GT (W) and origin-vs-GT (O)
clip     D=0   reg%   maeW   maeO  f01W  f01O | D=4   reg%   maeW   maeO  f01W  f01O | D=8   reg%   maeW   maeO  f01W  f01O | D=16  reg%   maeW   maeO  f01W  f01O | D=32  reg%   maeW   maeO  f01W  f01O
0042           98.5 0.0412 0.0417 10.79 10.03 |       92.9 0.0371 0.0381  9.21  8.66 |       88.3 0.0342 0.0351  8.26  7.68 |       80.1 0.0308 0.0318  7.10  6.55 |       70.3 0.0267 0.0280  5.71  5.25
0052           98.9 0.0717 0.0712 23.48 22.48 |       93.2 0.0696 0.0694 22.68 21.77 |       87.3 0.0679 0.0678 22.06 21.15 |       75.1 0.0648 0.0649 20.95 20.06 |       54.1 0.0572 0.0579 18.19 17.42
0125           98.8 0.0638 0.0607 20.53 18.44 |       94.6 0.0612 0.0585 19.67 17.68 |       91.0 0.0592 0.0566 18.99 17.01 |       84.4 0.0561 0.0537 17.87 15.92 |       74.1 0.0523 0.0504 16.39 14.50
0128           99.4 0.0791 0.0735 28.85 25.71 |       96.5 0.0787 0.0731 28.72 25.55 |       93.7 0.0784 0.0726 28.58 25.37 |       87.6 0.0778 0.0719 28.40 25.11 |       76.2 0.0776 0.0715 28.38 24.98
0141           97.1 0.0283 0.0336  5.54  5.27 |       90.3 0.0269 0.0326  5.16  4.95 |       84.8 0.0257 0.0316  4.77  4.57 |       74.0 0.0240 0.0302  4.19  4.03 |       54.4 0.0218 0.0285  3.52  3.36
0147           98.4 0.0343 0.0397  9.30  9.33 |       95.5 0.0341 0.0395  9.29  9.23 |       93.4 0.0342 0.0396  9.33  9.27 |       89.0 0.0344 0.0397  9.36  9.31 |       80.2 0.0334 0.0388  8.96  8.92
0170           99.9 0.0699 0.0767 22.11 25.32 |       99.6 0.0698 0.0766 22.07 25.28 |       99.2 0.0698 0.0766 22.07 25.28 |       98.5 0.0697 0.0765 22.06 25.28 |       96.8 0.0697 0.0765 22.05 25.29
0204          100.0 0.0437 0.0463 12.13 11.98 |       99.8 0.0434 0.0461 12.08 11.94 |       99.5 0.0434 0.0461 12.07 11.93 |       99.0 0.0434 0.0460 12.07 11.94 |       97.7 0.0433 0.0459 12.09 11.96
0225          100.0 0.0849 0.0867 28.30 29.27 |      100.0 0.0849 0.0867 28.30 29.27 |      100.0 0.0849 0.0867 28.30 29.27 |      100.0 0.0849 0.0867 28.30 29.27 |      100.0 0.0849 0.0867 28.30 29.27
0251           98.1 0.0582 0.0578 15.96 14.95 |       95.6 0.0568 0.0565 15.51 14.54 |       93.6 0.0560 0.0557 15.22 14.25 |       89.5 0.0546 0.0543 14.76 13.76 |       81.4 0.0547 0.0543 14.75 13.70
0259           98.8 0.1485 0.1422 51.60 49.73 |       97.2 0.1484 0.1421 51.64 49.75 |       95.8 0.1479 0.1414 51.54 49.64 |       92.8 0.1465 0.1398 51.35 49.42 |       85.8 0.1462 0.1393 51.57 49.52
0301           98.5 0.1227 0.1076 42.61 37.60 |       91.5 0.1212 0.1063 42.19 37.08 |       84.7 0.1210 0.1060 42.20 37.02 |       71.3 0.1221 0.1070 42.83 37.54 |       51.7 0.1237 0.1082 43.69 38.18
0160           98.2 0.1345 0.1250 46.12 43.30 |       89.0 0.1303 0.1215 44.68 41.92 |       80.8 0.1275 0.1189 43.65 40.86 |       66.4 0.1226 0.1142 41.93 39.04 |       47.7 0.1178 0.1090 40.42 37.19
mean12         98.9 0.0705 0.0698 22.60 21.68 |       95.6 0.0694 0.0688 22.21 21.31 |       92.6 0.0685 0.0680 21.95 21.04 |       86.8 0.0674 0.0669 21.60 20.68 |       76.9 0.0660 0.0655 21.13 20.20
mean13         98.8 0.0754 0.0740 24.41 23.34 |       95.1 0.0740 0.0728 23.94 22.89 |       91.7 0.0731 0.0719 23.62 22.56 |       85.2 0.0717 0.0705 23.17 22.09 |       74.6 0.0699 0.0688 22.62 21.50

[B1] thin elongated error components (per frame) in the non-mask region; vert% = components with h>=2w; crack_pm = crack pixels per 1000 non-mask px;
     crW_in_part% = share of warped crack pixels that are partial-coverage pixels; crW/err% = share of warped |err|>0.1 pixels that are thin cracks
     S = splat-specific: thin warped-error components lying on (+-1 px) partial-coverage pixels: ncS per frame, vertS% , crS_pm
clip         ncW     ncO    ncS vertW% vertO% vertS%  horW%  horO%  crW_pm  crO_pm  crS_pm crW_in_part% crW/err%
0042       359.2   311.8  106.9   58.7   57.6   53.0   15.7   16.7   33.45   29.66   10.74         16.5     31.0
0052       783.8   741.5  246.1   17.1   17.8   21.8   23.5   23.4   58.53   54.08   16.97         14.9     24.9
0125       744.3   620.2  152.2   12.2   13.2   22.8   18.1   18.3   47.85   37.37   10.81         11.1     23.3
0128      1021.2   826.4   78.0   26.5   30.9   68.0   16.8   15.7   57.91   45.19    5.54          2.3     20.1
0141       145.5   134.3   47.7   55.6   55.8   72.4   11.1   11.1   11.57   10.74    2.73         13.1     20.9
0147       213.6   217.8   35.4   62.9   63.5   74.8    6.9    6.2   17.07   17.04    2.19          4.3     18.3
0170       863.8   936.8   11.9    2.8    2.2   44.5   39.2   49.6   83.50   72.73    0.79          0.6     37.8
0204       657.2   543.6   12.4    4.0    4.9   30.7   77.0   75.0   41.87   40.17    0.99          1.2     34.5
0225      1348.7  1300.5    1.1    5.8    5.9   52.4   66.9   71.1  104.68  105.23    0.05          0.0     37.0
0251       387.5   352.6   36.6   21.0   23.7   67.0   14.3   13.7   32.53   27.33    3.61          4.2     20.4
0259      1344.8  1332.9  130.7   15.1   17.1   53.6   15.9   15.1  150.73  122.51   10.73          2.6     29.2
0301      1283.2  1345.5  613.4   20.4   22.6   28.9    7.6    7.9  194.40  140.20   54.74         17.3     45.6
0160      1093.1  1221.5  520.4   28.2   30.0   38.2   14.1   14.8  187.15  151.00   54.09         16.7     40.6
mean12     762.7   722.0  122.7   25.2   26.3   49.1   26.1   27.0   69.51   58.52    9.99          7.4     28.6
mean13     788.2   760.4  153.3   25.4   26.6   48.3   25.2   26.0   78.56   65.64   13.38          8.1     29.5

[B2] high-pass (Laplacian) energy of (x-GT) in the non-mask region, and crack px per 1000, by dilation D
clip     D=0     lapW    lapO crW_pm crO_pm | D=4     lapW    lapO crW_pm crO_pm | D=8     lapW    lapO crW_pm crO_pm | D=16    lapW    lapO crW_pm crO_pm | D=32    lapW    lapO crW_pm crO_pm
0042          0.04228 0.02278  33.45  29.66 |      0.02436 0.02085  27.26  24.86 |      0.02297 0.01967  24.61  22.33 |      0.02070 0.01835  22.38  20.21 |      0.01841 0.01686  18.16  16.70
0052          0.06314 0.05008  58.53  54.08 |      0.05729 0.04882  53.96  50.27 |      0.05531 0.04720  51.78  48.35 |      0.05153 0.04410  48.37  45.32 |      0.04374 0.03774  40.88  38.49
0125          0.06827 0.04108  47.85  37.37 |      0.05612 0.03967  44.21  34.52 |      0.05419 0.03826  42.51  32.98 |      0.05068 0.03581  39.50  30.42 |      0.04542 0.03210  34.90  26.69
0128          0.06347 0.04263  57.91  45.19 |      0.06199 0.04277  57.96  45.25 |      0.06228 0.04312  58.43  45.53 |      0.06271 0.04361  58.55  45.30 |      0.06421 0.04508  59.51  45.96
0141          0.01355 0.00889  11.57  10.74 |      0.01060 0.00859  10.35   9.71 |      0.01015 0.00819   9.70   9.13 |      0.00971 0.00771   7.94   7.46 |      0.00863 0.00669   5.90   5.57
0147          0.02156 0.01110  17.07  17.04 |      0.01436 0.01107  16.94  16.46 |      0.01444 0.01113  17.06  16.57 |      0.01456 0.01117  17.10  16.62 |      0.01449 0.01090  16.69  16.18
0170          0.49981 0.44941  83.50  72.73 |      0.49947 0.44982  83.24  72.47 |      0.49994 0.45026  83.25  72.47 |      0.50122 0.45141  83.39  72.57 |      0.50399 0.45377  83.63  72.66
0204          0.23644 0.25114  41.87  40.17 |      0.23525 0.25045  41.39  39.77 |      0.23523 0.25051  41.32  39.69 |      0.23589 0.25129  41.37  39.74 |      0.23660 0.25250  41.45  39.89
0225          0.52054 0.51407 104.68 105.23 |      0.52054 0.51407 104.68 105.23 |      0.52054 0.51407 104.68 105.23 |      0.52054 0.51407 104.68 105.23 |      0.52054 0.51407 104.68 105.23
0251          0.08889 0.05802  32.53  27.33 |      0.07528 0.05775  31.68  26.68 |      0.07553 0.05797  31.82  26.77 |      0.07490 0.05735  31.32  26.20 |      0.07437 0.05669  31.23  26.08
0259          0.43000 0.28805 150.73 122.51 |      0.41165 0.28936 151.15 122.80 |      0.41287 0.28998 151.67 123.26 |      0.41487 0.29043 152.30 123.63 |      0.42289 0.29521 154.80 125.11
0301          0.61782 0.42122 194.40 140.20 |      0.60776 0.41881 191.51 137.25 |      0.61072 0.42102 191.36 136.59 |      0.62804 0.43506 194.59 138.91 |      0.65718 0.45917 198.99 142.67
0160          0.80155 0.57920 187.15 151.00 |      0.78909 0.57808 176.87 141.70 |      0.78837 0.57939 172.01 137.19 |      0.79708 0.58677 164.99 130.22 |      0.80374 0.59007 158.49 123.25
mean12        0.22215 0.17987  69.51  58.52 |      0.21456 0.17934  67.86  57.11 |      0.21451 0.17928  67.35  56.58 |      0.21545 0.18003  66.79  55.97 |      0.21754 0.18173  65.90  55.10
mean13        0.26672 0.21059  78.56  65.64 |      0.25875 0.21001  76.25  63.61 |      0.25866 0.21006  75.40  62.78 |      0.26019 0.21132  74.34  61.68 |      0.26263 0.21314  73.02  60.34

[B3] partial-coverage pixels (16/255<occl<=0.5, NOT in the hard mask) vs fully covered non-mask pixels
clip      part% maeW@part maeW@full f01W@part f01W@full maeO@part maeO@full f01O@part f01O@full crW_pm@part crW_pm@full
0042       3.50    0.1076    0.0387     39.17      9.74    0.0964    0.0397     33.33      9.18      155.51       28.96
0052       7.00    0.1162    0.0683     40.56     22.18    0.1113    0.0682     38.15     21.29      123.32       53.60
0125       4.33    0.1175    0.0613     40.84     19.60    0.1060    0.0586     36.37     17.62      121.35       44.48
0128       2.62    0.0913    0.0787     34.20     28.71    0.0859    0.0731     31.15     25.56       50.91       58.10
0141       5.62    0.0448    0.0273      9.77      5.28    0.0445    0.0329      8.74      5.05       26.27       10.66
0147       2.27    0.0583    0.0337     16.92      9.12    0.0625    0.0391     19.62      9.08       31.58       16.72
0170       0.29    0.1321    0.0698     42.06     22.06    0.1359    0.0765     44.41     25.27      185.26       83.21
0204       0.19    0.2048    0.0434     56.52     12.05    0.1701    0.0460     49.63     11.91      268.64       41.43
0225       0.03    0.1024    0.0849     32.98     28.30    0.0823    0.0867     26.45     29.27       88.60      104.68
0251       1.56    0.1136    0.0574     35.09     15.65    0.1046    0.0570     31.63     14.68       86.05       31.66
0259       2.56    0.1913    0.1473     61.13     51.34    0.1860    0.1410     59.91     49.46      153.94      150.64
0301      15.55    0.1329    0.1208     45.83     42.00    0.1171    0.1059     41.49     36.87      213.51      190.82
0160      11.18    0.1779    0.1290     61.23     44.18    0.1617    0.1203     57.55     41.47      274.08      175.98
mean12     3.79    0.1177    0.0693     37.92     22.17    0.1085    0.0687     35.07     21.27      125.41       67.91
mean13     4.36    0.1224    0.0739     39.72     23.86    0.1126    0.0727     36.80     22.82      136.85       76.23

[C] non-mask error vs distance (px) to the nearest hard-mask pixel  (reg% = % of frame in bin; part% = partial-coverage share within bin)
clip       bin   reg%    maeW    maeO   f01W   f01O  crW_pm  crO_pm  crS_pm  part%
0042       0-4   4.25  0.1099  0.1008  38.10  32.87  148.80  116.68  183.15  64.57
0042       4-8   4.11  0.1044  0.1070  31.57  31.31   89.25   80.93   33.60   5.45
0042      8-16   7.34  0.0699  0.0709  20.83  20.41   53.45   51.55    6.86   2.45
0042     16-32   9.95  0.0686  0.0669  19.58  18.28   55.86   48.18    6.54   2.21
0042       >32  72.86  0.0270  0.0283   5.81   5.33   18.51   16.96    0.36   0.18
0052       0-4   4.15  0.1055  0.0992  37.22  34.08  146.78  126.24  162.13  67.66
0052       4-8   5.02  0.0995  0.0984  33.62  32.85   91.77   84.09   50.28  16.70
0052      8-16  10.38  0.0887  0.0875  29.56  28.56   77.31   70.82   18.77   7.86
0052     16-32  19.37  0.0858  0.0841  28.48  27.27   68.29   63.21   11.57   5.07
0052       >32  60.01  0.0595  0.0600  19.02  18.22   43.25   40.74    5.57   2.59
0125       0-4   3.13  0.1207  0.1073  40.19  35.05  140.30  107.84  163.60  64.32
0125       4-8   3.31  0.1184  0.1123  38.25  36.10   93.60   79.09   56.84  20.38
0125      8-16   5.96  0.1029  0.0966  34.40  31.93   81.75   66.42   20.92   9.07
0125     16-32   9.82  0.0856  0.0801  29.02  26.71   73.35   58.38   10.93   4.34
0125       >32  71.68  0.0551  0.0528  17.57  15.58   38.08   29.16    1.88   0.93
0128       0-4   2.12  0.0892  0.0841  33.10  30.43   59.66   44.68   95.50  62.05
0128       4-8   2.57  0.0943  0.0921  34.54  32.76   42.38   35.98   40.46   8.77
0128      8-16   5.41  0.0868  0.0839  31.32  29.31   55.36   47.93    6.29   3.32
0128     16-32  10.43  0.0816  0.0774  29.76  27.31   53.35   42.73    5.97   2.60
0128       >32  78.87  0.0774  0.0713  28.26  24.89   59.14   45.65    1.87   0.80
0141       0-4   5.31  0.0467  0.0459  10.52   9.29   30.15   26.03   31.59  67.73
0141       4-8   4.96  0.0476  0.0498  11.35  10.97   19.48   18.59    8.64  13.02
0141      8-16   9.48  0.0398  0.0431   9.25   8.88   22.94   21.81    1.67   4.05
0141     16-32  17.73  0.0318  0.0363   7.03   6.75   16.24   14.77    1.04   1.90
0141       >32  59.66  0.0222  0.0288   3.58   3.42    6.05    5.78    0.34   1.10
0147       0-4   2.19  0.0444  0.0503  10.55  14.05   24.16   44.63   24.93  60.31
0147       4-8   1.90  0.0296  0.0355   7.53   7.43   11.05   10.63    5.75   9.11
0147      8-16   3.71  0.0301  0.0359   8.09   7.89   14.96   14.21    2.97   3.33
0147     16-32   7.57  0.0413  0.0463  12.26  12.17   19.93   19.90    2.74   1.67
0147       >32  82.99  0.0337  0.0391   9.09   9.05   16.85   16.33    1.43   0.63
0170       0-4   0.26  0.1226  0.1239  38.32  39.64  187.57  175.14  180.91  61.19
0170       4-8   0.29  0.0811  0.0871  24.64  26.79   80.71   73.56   26.73   8.08
0170      8-16   0.61  0.0745  0.0804  22.77  24.78   66.14   61.68    9.69   3.80
0170     16-32   1.45  0.0741  0.0808  22.60  25.29   70.15   66.55    6.11   2.07
0170       >32  97.32  0.0697  0.0765  22.05  25.28   83.55   72.62    0.11   0.06
0204       0-4   0.15  0.1963  0.1574  45.79  38.35  329.49  268.78  331.20  61.66
0204       4-8   0.19  0.0702  0.0727  19.21  19.34  100.77  102.77   49.67   8.34
0204      8-16   0.43  0.0497  0.0519  11.79  11.38   41.06   39.74    4.86   1.03
0204     16-32   1.11  0.0471  0.0514  10.41   9.70   31.52   25.84    0.88   0.22
0204       >32  98.09  0.0433  0.0460  12.09  11.96   41.44   39.86    0.38   0.08
0225       0-4   0.00  0.0000  0.0000   0.00   0.00    0.00    0.00    0.00   0.00
0225       4-8   0.00  0.0000  0.0000   0.00   0.00    0.00    0.00    0.00   0.00
0225      8-16   0.00  0.0000  0.0000   0.00   0.00    0.00    0.00    0.00   0.00
0225     16-32   0.00  0.0000  0.0000   0.00   0.00    0.00    0.00    0.00   0.00
0225       >32   0.00  0.0000  0.0000   0.00   0.00    0.00    0.00    0.00   0.00
0251       0-4   1.94  0.1156  0.1068  34.65  31.46   75.92   60.77  131.67  58.47
0251       4-8   1.82  0.1047  0.1035  30.56  29.96   25.85   22.53   22.21   7.00
0251      8-16   3.55  0.0901  0.0897  27.48  26.87   38.47   34.66    2.16   2.48
0251     16-32   7.27  0.0569  0.0575  15.96  15.58   36.48   31.58    1.73   1.29
0251       >32  83.52  0.0547  0.0543  14.72  13.68   31.07   25.97    0.45   0.14
0259       0-4   1.18  0.1441  0.1413  46.73  46.89  128.39  109.90  158.59  67.31
0259       4-8   1.24  0.1861  0.1825  58.19  56.78  117.21   91.77   69.63  16.33
0259      8-16   2.62  0.2000  0.1996  59.50  58.45  126.04  104.06   15.18   5.09
0259     16-32   6.02  0.1496  0.1472  49.06  48.67  128.78  112.39   15.73   3.50
0259       >32  87.72  0.1464  0.1395  51.51  49.48  153.75  124.36    7.42   1.39
0301       0-4   5.15  0.1443  0.1272  48.99  45.37  239.08  184.28  231.59  76.27
0301       4-8   6.09  0.1303  0.1151  43.96  39.87  203.76  154.80  144.26  41.93
0301      8-16  12.00  0.1162  0.1020  39.26  34.72  176.87  127.76   69.06  20.49
0301     16-32  19.07  0.1168  0.1026  40.02  35.29  179.98  126.86   46.61  13.06
0301       >32  56.23  0.1233  0.1079  43.47  38.04  197.93  141.76   28.55   7.32
0160       0-4   6.80  0.1790  0.1617  61.16  57.39  304.22  257.12  307.18  70.51
0160       4-8   7.56  0.1618  0.1499  56.04  53.52  229.43  190.14  146.02  27.09
0160      8-16  13.42  0.1522  0.1420  52.68  50.27  210.53  174.21   62.44  11.87
0160     16-32  18.63  0.1385  0.1308  47.03  44.98  186.34  152.74   34.32   6.88
0160       >32  51.80  0.1187  0.1101  40.67  37.54  159.83  124.71   12.38   2.82
mean12     0-4   2.49  0.1033  0.0954  32.01  29.79  125.86  105.41  141.24  59.30
mean12     4-8   2.63  0.0888  0.0880  27.78  27.01   72.99   62.89   42.34  12.93
mean12    8-16   5.12  0.0791  0.0785  24.52  23.60   62.86   53.39   13.20   5.25
mean12   16-32   9.15  0.0699  0.0692  22.02  21.08   61.16   50.87    9.15   3.16
mean12     >32  70.74  0.0594  0.0587  18.93  17.91   57.47   46.60    4.03   1.27
mean13     0-4   2.82  0.1091  0.1005  34.26  31.91  139.58  117.08  154.00  60.16
mean13     4-8   3.01  0.0945  0.0928  29.96  29.05   85.02   72.68   50.31  14.01
mean13    8-16   5.76  0.0847  0.0833  26.69  25.65   74.22   62.68   16.99   5.76
mean13   16-32   9.88  0.0752  0.0740  23.94  22.92   70.79   58.70   11.09   3.45
mean13     >32  69.29  0.0639  0.0627  20.60  19.42   65.34   52.61    4.67   1.39

[D] LPIPS vs GT (alex) of the composite = warped outside / origin inside the mask, mask = hard dilated D px, feathered 8 px;
    aware_Dk = (hard OR partial-coverage) dilated k px, feathered 8.  gen% = % of frame taken from origin.  Also MAE of each variant.
LPIPS      origin   warped  comp_D0  comp_D4  comp_D8 comp_D16 comp_D32 comp_D64 aware_D0 aware_D2 aware_D4
0042       0.2309   0.2413   0.2270   0.1894   0.1888   0.1897   0.1926   0.1996   0.2037   0.1903   0.1890
0052       0.1766   0.1857   0.1742   0.1507   0.1525   0.1563   0.1617   0.1687   0.1596   0.1549   0.1566
0125       0.2988   0.2296   0.2177   0.2009   0.2033   0.2088   0.2193   0.2349   0.2060   0.2075   0.2116
0128       0.3049   0.2428   0.2386   0.2341   0.2353   0.2389   0.2454   0.2573   0.2354   0.2349   0.2369
0141       0.2068   0.1858   0.1635   0.1495   0.1534   0.1591   0.1704   0.1898   0.1518   0.1525   0.1556
0147       0.1416   0.1931   0.1682   0.1318   0.1305   0.1312   0.1330   0.1362   0.1466   0.1340   0.1314
0170       0.1825   0.0740   0.0734   0.0730   0.0735   0.0745   0.0769   0.0831   0.0731   0.0735   0.0740
0204       0.2100   0.1393   0.1392   0.1391   0.1391   0.1392   0.1400   0.1453   0.1390   0.1390   0.1392
0225       0.2563   0.1701   0.1701   0.1701   0.1701   0.1701   0.1701   0.1701   0.1700   0.1700   0.1701
0251       0.2865   0.2778   0.2579   0.2439   0.2446   0.2464   0.2500   0.2577   0.2491   0.2449   0.2446
0259       0.3768   0.3294   0.3177   0.3013   0.2997   0.3011   0.3041   0.3121   0.3086   0.3058   0.3084
0301       0.4573   0.2187   0.2128   0.2320   0.2554   0.2927   0.3416   0.3967   0.2468   0.3134   0.3506
0160       0.3526   0.2352   0.2315   0.2384   0.2480   0.2619   0.2801   0.3068   0.2401   0.2607   0.2746
mean12     0.2607   0.2073   0.1967   0.1847   0.1872   0.1923   0.2004   0.2126   0.1908   0.1934   0.1973
mean13     0.2678   0.2094   0.1994   0.1888   0.1919   0.1977   0.2066   0.2199   0.1946   0.1986   0.2033
gen%       origin   warped  comp_D0  comp_D4  comp_D8 comp_D16 comp_D32 comp_D64 aware_D0 aware_D2 aware_D4
0042            -        -     0.01     0.07     0.12     0.20     0.29     0.43     0.05     0.09     0.12
0052            -        -     0.01     0.07     0.13     0.25     0.46     0.71     0.08     0.17     0.24
0125            -        -     0.01     0.05     0.09     0.15     0.26     0.39     0.06     0.12     0.16
0128            -        -     0.01     0.03     0.06     0.12     0.24     0.41     0.03     0.07     0.11
0141            -        -     0.03     0.10     0.15     0.26     0.45     0.75     0.08     0.14     0.18
0147            -        -     0.02     0.04     0.07     0.11     0.20     0.36     0.04     0.07     0.09
0170            -        -     0.00     0.00     0.01     0.01     0.03     0.08     0.00     0.01     0.01
0204            -        -     0.00     0.00     0.00     0.01     0.02     0.06     0.00     0.01     0.01
0225            -        -     0.00     0.00     0.00     0.00     0.00     0.00     0.00     0.00     0.00
0251            -        -     0.02     0.04     0.06     0.10     0.19     0.34     0.03     0.05     0.07
0259            -        -     0.01     0.03     0.04     0.07     0.14     0.28     0.04     0.07     0.11
0301            -        -     0.01     0.08     0.15     0.28     0.48     0.70     0.17     0.38     0.51
0160            -        -     0.02     0.11     0.19     0.33     0.52     0.73     0.13     0.27     0.36
mean12          -        -     0.01     0.04     0.07     0.13     0.23     0.38     0.05     0.10     0.13
mean13          -        -     0.01     0.05     0.08     0.15     0.25     0.40     0.06     0.11     0.15
MAE        origin   warped  comp_D0  comp_D4  comp_D8 comp_D16 comp_D32 comp_D64 aware_D0 aware_D2 aware_D4
0042       0.0422   0.0436   0.0427   0.0413   0.0413   0.0413   0.0412   0.0414   0.0418   0.0413   0.0412
0052       0.0713   0.0727   0.0722   0.0713   0.0712   0.0710   0.0708   0.0707   0.0714   0.0709   0.0707
0125       0.0610   0.0662   0.0645   0.0635   0.0632   0.0629   0.0623   0.0615   0.0635   0.0628   0.0624
0128       0.0735   0.0793   0.0791   0.0788   0.0787   0.0785   0.0780   0.0771   0.0788   0.0785   0.0784
0141       0.0339   0.0297   0.0289   0.0286   0.0287   0.0290   0.0300   0.0319   0.0286   0.0286   0.0287
0147       0.0402   0.0369   0.0352   0.0350   0.0351   0.0354   0.0358   0.0365   0.0349   0.0350   0.0350
0170       0.0768   0.0700   0.0700   0.0700   0.0700   0.0700   0.0701   0.0705   0.0700   0.0700   0.0700
0204       0.0463   0.0437   0.0437   0.0437   0.0437   0.0437   0.0437   0.0439   0.0437   0.0436   0.0436
0225       0.0867   0.0849   0.0849   0.0849   0.0849   0.0849   0.0849   0.0849   0.0849   0.0849   0.0848
0251       0.0584   0.0615   0.0593   0.0587   0.0586   0.0586   0.0587   0.0588   0.0589   0.0587   0.0586
0259       0.1416   0.1521   0.1487   0.1478   0.1477   0.1477   0.1474   0.1465   0.1478   0.1473   0.1470
0301       0.1080   0.1239   0.1228   0.1208   0.1197   0.1179   0.1154   0.1123   0.1182   0.1141   0.1123
0160       0.1257   0.1359   0.1350   0.1329   0.1319   0.1307   0.1295   0.1282   0.1321   0.1299   0.1290
mean12     0.0700   0.0720   0.0710   0.0704   0.0702   0.0701   0.0699   0.0697   0.0702   0.0696   0.0694
mean13     0.0743   0.0770   0.0759   0.0752   0.0750   0.0747   0.0745   0.0742   0.0750   0.0743   0.0740

[E] depth-derived regions in target coords (non-mask only): stretch = splat gap>=1.5 (crack-prone), dedge = +-4 px of a depth step >=3/255 (not stretch), flat = rest
    stretch_hard% = share of the stretch region that is hard mask (i.e. already masked)
clip       region   reg%    maeW    maeO   f01W   f01O  crW_pm  crO_pm  crS_pm  part% str_hard%
0042      stretch   3.32  0.1076  0.0960  37.50  31.17  144.42  107.73  176.64  70.78      30.4
0042        dedge   9.11  0.1164  0.1124  36.57  34.33  106.34   94.65   43.51   9.69          
0042         flat  86.08  0.0307  0.0322   7.03   6.65   21.47   19.78    0.88   0.32          
0052      stretch   3.95  0.1054  0.0987  36.95  33.59  134.55  114.57  141.60  69.26      20.4
0052        dedge  17.01  0.1137  0.1100  38.57  37.08  101.27   92.86   41.63  15.83          
0052         flat  77.98  0.0608  0.0614  19.51  18.74   45.36   42.56    5.28   2.02          
0125      stretch   2.54  0.1142  0.1007  38.25  32.83  128.83   97.68  145.68  68.80      31.6
0125        dedge   9.27  0.1136  0.1064  37.89  35.30   94.96   78.67   46.67  15.98          
0125         flat  86.98  0.0570  0.0546  18.17  16.23   40.46   31.21    3.05   1.26          
0128      stretch   1.79  0.0898  0.0846  33.19  30.52   58.59   39.97   84.00  64.85      23.4
0128        dedge   7.42  0.0939  0.0909  34.73  32.88   59.78   50.32   30.31  11.06          
0128         flat  90.19  0.0776  0.0718  28.28  25.02   57.74   44.88    1.95   0.71          
0141      stretch   5.05  0.0455  0.0447   9.97   8.78   29.34   25.20   30.62  69.62      35.8
0141        dedge  13.73  0.0490  0.0507  13.25  12.46   27.90   26.58    5.88   9.85          
0141         flat  78.36  0.0236  0.0299   3.90   3.78    7.56    7.04    0.38   0.96          
0147      stretch   2.16  0.0476  0.0529  11.77  15.23   24.81   45.34   25.03  61.11      43.0
0147        dedge   8.48  0.0622  0.0652  20.20  19.83   54.52   47.54    4.94   4.62          
0147         flat  87.72  0.0313  0.0369   8.19   8.16   13.25   13.40    1.37   0.64          
0170      stretch   0.24  0.1208  0.1218  37.65  38.61  189.50  176.53  177.49  60.40      22.8
0170        dedge   0.84  0.1014  0.1103  30.36  33.97  111.58  104.27   27.03   9.91          
0170         flat  98.85  0.0696  0.0763  22.01  25.21   83.01   72.22    0.15   0.06          
0204      stretch   0.11  0.1944  0.1533  46.63  38.80  291.47  234.55  291.51  63.80      17.9
0204        dedge   0.82  0.1224  0.1175  33.27  31.75  115.87  107.76   42.83   7.84          
0204         flat  99.04  0.0429  0.0456  11.92  11.79   40.97   39.38    0.31   0.06          
0225      stretch   0.00  0.0746  0.0670  25.64  22.38   59.49   41.08    2.83  18.41       0.0
0225        dedge   0.23  0.0911  0.0910  30.87  30.76   92.83   90.76    0.19   0.89          
0225         flat  99.76  0.0849  0.0867  28.30  29.27  104.71  105.27    0.05   0.02          
0251      stretch   1.80  0.1078  0.1002  32.08  29.09   78.34   62.42  118.69  58.54      51.0
0251        dedge   5.50  0.0918  0.0937  26.82  27.23   40.00   35.78   16.07   4.95          
0251         flat  90.81  0.0552  0.0547  14.99  13.93   31.17   26.12    0.58   0.26          
0259      stretch   1.56  0.1480  0.1447  49.41  49.36  123.50  103.87  125.49  56.30      43.4
0259        dedge   5.78  0.1788  0.1722  55.90  54.57  111.93   91.72   47.22  10.64          
0259         flat  91.44  0.1466  0.1402  51.36  49.43  153.64  124.77    6.46   1.17          
0301      stretch   6.55  0.1362  0.1204  46.58  42.91  220.79  167.28  202.76  71.11      17.7
0301        dedge  23.62  0.1273  0.1113  43.47  38.88  200.07  145.87   85.22  23.56          
0301         flat  68.37  0.1198  0.1051  41.93  36.65  189.92  135.65   30.03   7.79          
0160      stretch   5.62  0.1797  0.1630  61.38  57.86  299.80  255.77  298.44  72.96      22.6
0160        dedge  18.65  0.1673  0.1545  57.38  54.43  239.81  200.61  110.57  20.83          
0160         flat  73.94  0.1228  0.1147  42.12  39.38  165.30  130.53   21.26   4.32          
mean12    stretch   2.42  0.1077  0.0987  33.80  31.11  123.64  101.35  126.86  61.08      28.1
mean12      dedge   8.48  0.1051  0.1026  33.49  32.42   93.09   80.56   32.63  10.40          
mean12       flat  87.97  0.0667  0.0663  21.30  20.40   65.77   55.19    4.21   1.27          
mean13    stretch   2.67  0.1132  0.1037  35.92  33.16  137.19  113.23  140.06  61.99      27.7
mean13      dedge   9.27  0.1099  0.1066  35.33  34.11  104.37   89.80   38.62  11.20          
mean13       flat  86.89  0.0710  0.0700  22.90  21.86   73.43   60.98    5.52   1.51          
