# chain B2 part 1: deliverable T6@1.01 and T5@1.01 both FREE on 4 clips (TABLE_STEP2_4CLIP.txt) -> extend to the other 8 test clips, with the matching origin variants (reference), RNG padded
0042 deliv_g101_T6pad deliv 1.01 700.0,30.993608474731445,7.276163101196289,1.1675708293914795,0.09738767892122269,0.0020000000949949026 8
0042 deliv_g101_T5pad deliv 1.01 700.0,7.276163101196289,1.1675708293914795,0.09738767892122269,0.0020000000949949026 8
0042 origin_g101_T6pad origin 1.01 700.0,30.993608474731445,7.276163101196289,1.1675708293914795,0.09738767892122269,0.0020000000949949026 8
0042 origin_g101_T5pad origin 1.01 700.0,7.276163101196289,1.1675708293914795,0.09738767892122269,0.0020000000949949026 8
0125 deliv_g101_T6pad deliv 1.01 700.0,30.993608474731445,7.276163101196289,1.1675708293914795,0.09738767892122269,0.0020000000949949026 8
0125 deliv_g101_T5pad deliv 1.01 700.0,7.276163101196289,1.1675708293914795,0.09738767892122269,0.0020000000949949026 8
0125 origin_g101_T6pad origin 1.01 700.0,30.993608474731445,7.276163101196289,1.1675708293914795,0.09738767892122269,0.0020000000949949026 8
0125 origin_g101_T5pad origin 1.01 700.0,7.276163101196289,1.1675708293914795,0.09738767892122269,0.0020000000949949026 8
0128 deliv_g101_T6pad deliv 1.01 700.0,30.993608474731445,7.276163101196289,1.1675708293914795,0.09738767892122269,0.0020000000949949026 8
0128 deliv_g101_T5pad deliv 1.01 700.0,7.276163101196289,1.1675708293914795,0.09738767892122269,0.0020000000949949026 8
0128 origin_g101_T6pad origin 1.01 700.0,30.993608474731445,7.276163101196289,1.1675708293914795,0.09738767892122269,0.0020000000949949026 8
0128 origin_g101_T5pad origin 1.01 700.0,7.276163101196289,1.1675708293914795,0.09738767892122269,0.0020000000949949026 8
0141 deliv_g101_T6pad deliv 1.01 700.0,30.993608474731445,7.276163101196289,1.1675708293914795,0.09738767892122269,0.0020000000949949026 8
0141 deliv_g101_T5pad deliv 1.01 700.0,7.276163101196289,1.1675708293914795,0.09738767892122269,0.0020000000949949026 8
0141 origin_g101_T6pad origin 1.01 700.0,30.993608474731445,7.276163101196289,1.1675708293914795,0.09738767892122269,0.0020000000949949026 8
0141 origin_g101_T5pad origin 1.01 700.0,7.276163101196289,1.1675708293914795,0.09738767892122269,0.0020000000949949026 8
0170 deliv_g101_T6pad deliv 1.01 700.0,30.993608474731445,7.276163101196289,1.1675708293914795,0.09738767892122269,0.0020000000949949026 8
0170 deliv_g101_T5pad deliv 1.01 700.0,7.276163101196289,1.1675708293914795,0.09738767892122269,0.0020000000949949026 8
0170 origin_g101_T6pad origin 1.01 700.0,30.993608474731445,7.276163101196289,1.1675708293914795,0.09738767892122269,0.0020000000949949026 8
0170 origin_g101_T5pad origin 1.01 700.0,7.276163101196289,1.1675708293914795,0.09738767892122269,0.0020000000949949026 8
0225 deliv_g101_T6pad deliv 1.01 700.0,30.993608474731445,7.276163101196289,1.1675708293914795,0.09738767892122269,0.0020000000949949026 8
0225 deliv_g101_T5pad deliv 1.01 700.0,7.276163101196289,1.1675708293914795,0.09738767892122269,0.0020000000949949026 8
0225 origin_g101_T6pad origin 1.01 700.0,30.993608474731445,7.276163101196289,1.1675708293914795,0.09738767892122269,0.0020000000949949026 8
0225 origin_g101_T5pad origin 1.01 700.0,7.276163101196289,1.1675708293914795,0.09738767892122269,0.0020000000949949026 8
0251 deliv_g101_T6pad deliv 1.01 700.0,30.993608474731445,7.276163101196289,1.1675708293914795,0.09738767892122269,0.0020000000949949026 8
0251 deliv_g101_T5pad deliv 1.01 700.0,7.276163101196289,1.1675708293914795,0.09738767892122269,0.0020000000949949026 8
0251 origin_g101_T6pad origin 1.01 700.0,30.993608474731445,7.276163101196289,1.1675708293914795,0.09738767892122269,0.0020000000949949026 8
0251 origin_g101_T5pad origin 1.01 700.0,7.276163101196289,1.1675708293914795,0.09738767892122269,0.0020000000949949026 8
0259 deliv_g101_T6pad deliv 1.01 700.0,30.993608474731445,7.276163101196289,1.1675708293914795,0.09738767892122269,0.0020000000949949026 8
0259 deliv_g101_T5pad deliv 1.01 700.0,7.276163101196289,1.1675708293914795,0.09738767892122269,0.0020000000949949026 8
0259 origin_g101_T6pad origin 1.01 700.0,30.993608474731445,7.276163101196289,1.1675708293914795,0.09738767892122269,0.0020000000949949026 8
0259 origin_g101_T5pad origin 1.01 700.0,7.276163101196289,1.1675708293914795,0.09738767892122269,0.0020000000949949026 8
