# chain B2 part 2 (only if deliverable T5@1.00 is FREE on 4 clips, TABLE_STEP2_T5G100_4CLIP.txt): extend deliverable T5@1.00 to the other 8 clips + origin T5@1.00 on all 12 (reference), RNG padded
0042 deliv_g100_T5pad deliv 1.00 700.0,7.276163101196289,1.1675708293914795,0.09738767892122269,0.0020000000949949026 8
0125 deliv_g100_T5pad deliv 1.00 700.0,7.276163101196289,1.1675708293914795,0.09738767892122269,0.0020000000949949026 8
0128 deliv_g100_T5pad deliv 1.00 700.0,7.276163101196289,1.1675708293914795,0.09738767892122269,0.0020000000949949026 8
0141 deliv_g100_T5pad deliv 1.00 700.0,7.276163101196289,1.1675708293914795,0.09738767892122269,0.0020000000949949026 8
0170 deliv_g100_T5pad deliv 1.00 700.0,7.276163101196289,1.1675708293914795,0.09738767892122269,0.0020000000949949026 8
0225 deliv_g100_T5pad deliv 1.00 700.0,7.276163101196289,1.1675708293914795,0.09738767892122269,0.0020000000949949026 8
0251 deliv_g100_T5pad deliv 1.00 700.0,7.276163101196289,1.1675708293914795,0.09738767892122269,0.0020000000949949026 8
0259 deliv_g100_T5pad deliv 1.00 700.0,7.276163101196289,1.1675708293914795,0.09738767892122269,0.0020000000949949026 8
0301 origin_g100_T5pad origin 1.00 700.0,7.276163101196289,1.1675708293914795,0.09738767892122269,0.0020000000949949026 8
0204 origin_g100_T5pad origin 1.00 700.0,7.276163101196289,1.1675708293914795,0.09738767892122269,0.0020000000949949026 8
0052 origin_g100_T5pad origin 1.00 700.0,7.276163101196289,1.1675708293914795,0.09738767892122269,0.0020000000949949026 8
0147 origin_g100_T5pad origin 1.00 700.0,7.276163101196289,1.1675708293914795,0.09738767892122269,0.0020000000949949026 8
0042 origin_g100_T5pad origin 1.00 700.0,7.276163101196289,1.1675708293914795,0.09738767892122269,0.0020000000949949026 8
0125 origin_g100_T5pad origin 1.00 700.0,7.276163101196289,1.1675708293914795,0.09738767892122269,0.0020000000949949026 8
0128 origin_g100_T5pad origin 1.00 700.0,7.276163101196289,1.1675708293914795,0.09738767892122269,0.0020000000949949026 8
0141 origin_g100_T5pad origin 1.00 700.0,7.276163101196289,1.1675708293914795,0.09738767892122269,0.0020000000949949026 8
0170 origin_g100_T5pad origin 1.00 700.0,7.276163101196289,1.1675708293914795,0.09738767892122269,0.0020000000949949026 8
0225 origin_g100_T5pad origin 1.00 700.0,7.276163101196289,1.1675708293914795,0.09738767892122269,0.0020000000949949026 8
0251 origin_g100_T5pad origin 1.00 700.0,7.276163101196289,1.1675708293914795,0.09738767892122269,0.0020000000949949026 8
0259 origin_g100_T5pad origin 1.00 700.0,7.276163101196289,1.1675708293914795,0.09738767892122269,0.0020000000949949026 8
