  self.load_state_dict(torch.load(model_path, map_location='cpu'), strict=False)
clip/config                         raw  composite  mask% warped-only
0042_origin                      0.2309     0.1888   1.50      0.2413
0042_all_8k                      0.2303     0.1888   1.50      0.2413
0052_origin                      0.1766     0.1525   1.07      0.1857
0052_all_8k                      0.1766     0.1525   1.07      0.1857
0125_origin                      0.2988     0.2033   1.22      0.2296
0125_all_8k                      0.2950     0.2033   1.22      0.2296
0128_origin                      0.3049     0.2353   0.60      0.2428
0128_all_8k                      0.3032     0.2352   0.60      0.2428
0141_origin                      0.2068     0.1534   2.86      0.1858
0141_all_8k                      0.2066     0.1536   2.86      0.1858
0147_origin                      0.1416     0.1305   1.64      0.1931
0147_all_8k                      0.1433     0.1307   1.64      0.1931
0170_origin                      0.1825     0.0735   0.07      0.0740
0170_all_8k                      0.1819     0.0735   0.07      0.0740
0204_origin                      0.2100     0.1391   0.03      0.1393
0204_all_8k                      0.2026     0.1390   0.03      0.1393
0225_origin                      0.2563     0.1701   0.00      0.1701
0225_all_8k                      0.2534     0.1701   0.00      0.1701
0251_origin                      0.2865     0.2446   1.89      0.2778
0251_all_8k                      0.2850     0.2447   1.89      0.2778
0259_origin                      0.3768     0.2997   1.21      0.3294
0259_all_8k                      0.3721     0.2995   1.21      0.3294
0301_origin                      0.4573     0.2554   1.46      0.2187
0301_all_8k                      0.4317     0.2524   1.46      0.2187
0160_origin                      0.3526     0.2480   1.79      0.2352
0160_all_8k                      0.3510     0.2482   1.79      0.2352
COMP_DONE
