clip/config                           offset  leftPSNR    LPIPS    sharp
--- 0160 GT ---                                          0.0000   0.0531
0160_origin                          (-28,0)     41.65   0.3526   0.0315
0160_origin_steps16                  (-28,0)     41.65   0.3478   0.0346
0160_origin_steps25                  (-28,0)     41.65   0.3519   0.0366
0160_origin_guid15                   (-28,0)     41.65   0.3608   0.0393
0160_origin_guid10                   (-28,0)     41.65   0.3535   0.0313
0160_origin_ovl_prev1                (-28,0)     41.65   0.4553   0.0248
--- 0042 GT ---                                          0.0000   0.0074
0042_origin                        (-12,-12)     49.85   0.2309   0.0080
0042_origin_steps16                (-12,-12)     49.85   0.2134   0.0087
0042_origin_steps25                (-12,-12)     49.85   0.2099   0.0093
0042_origin_guid15                 (-12,-12)     49.85   0.2013   0.0096
0042_origin_guid10                 (-12,-12)     49.85   0.2317   0.0080
0042_origin_ovl_prev1              (-12,-12)     49.85   0.2558   0.0073
