clip/config                           offset  leftPSNR    LPIPS    sharp
--- 0301 GT ---                                          0.0000   0.0505
0301_origin                          (-28,0)     46.77   0.4445   0.0235
0301_origin_s25                      (-28,0)     46.77   0.4083   0.0296
0301_oracle_m4                       (-28,0)     46.77   0.4064   0.0304
0301_oracle_m4_456                   (-28,0)     46.77   0.4059   0.0305
0301_rescale456                      (-28,0)     46.77   0.4294   0.0267
--- 0204 GT ---                                          0.0000   0.0116
0204_origin                          (-28,0)     48.90   0.2122   0.0062
0204_origin_s25                      (-28,0)     48.90   0.1950   0.0074
0204_oracle_m4                       (-28,0)     48.90   0.1948   0.0076
0204_oracle_m4_456                   (-28,0)     48.90   0.1949   0.0075
0204_rescale456                      (-28,0)     48.90   0.2272   0.0076
