clip/config                           offset  leftPSNR    LPIPS    sharp
--- 0301 GT ---                                          0.0000   0.0505
0301_origin                          (-28,0)     46.77   0.4445   0.0235
0301_origin_s25                      (-28,0)     46.77   0.4083   0.0296
0301_onpolicy2_step200               (-28,0)     46.77   0.4213   0.0331
0301_onpolicy2_step400               (-28,0)     46.77   0.4182   0.0329
--- 0204 GT ---                                          0.0000   0.0116
0204_origin                          (-28,0)     48.90   0.2122   0.0062
0204_origin_s25                      (-28,0)     48.90   0.1950   0.0074
0204_onpolicy2_step200               (-28,0)     48.90   0.1979   0.0082
0204_onpolicy2_step400               (-28,0)     48.90   0.1973   0.0082
