clip/config                           offset  leftPSNR    LPIPS    sharp
--- 0301 GT ---                                          0.0000   0.0505
0301_origin                          (-28,0)     46.77   0.4445   0.0235
0301_origin_s25                      (-28,0)     46.77   0.4083   0.0296
0301_smoke1_step100                  (-28,0)     46.77   0.4118   0.0278
0301_smoke1_step200                  (-28,0)     46.77   0.4094   0.0289
0301_smoke1_step400                  (-28,0)     46.77   0.4101   0.0290
0301_smoke1_step800                  (-28,0)     46.77   0.4083   0.0291
--- 0204 GT ---                                          0.0000   0.0116
0204_origin                          (-28,0)     48.90   0.2122   0.0062
0204_origin_s25                      (-28,0)     48.90   0.1950   0.0074
0204_smoke1_step100                  (-28,0)     48.90   0.1932   0.0076
0204_smoke1_step200                  (-28,0)     48.90   0.1929   0.0076
0204_smoke1_step400                  (-28,0)     48.90   0.1938   0.0075
0204_smoke1_step800                  (-28,0)     48.90   0.1938   0.0074
