clip/config                           offset  leftPSNR    LPIPS    sharp
--- 0301 GT ---                                          0.0000   0.0505
0301_origin                          (-28,0)     46.77   0.4445   0.0235
pos_step100_0301                     (-28,0)     46.42   0.7727   0.0110
pos_step200_0301                     (-28,0)     46.42   0.6736   0.0145
pos_step300_0301                     (-28,0)     46.42   0.7075   0.0133
pos_step300_0301_e1high              (-28,0)     46.77   0.4500   0.0232
pos_step300_0301_e1low               (-28,0)     46.42   0.7086   0.0128
--- 0042 GT ---                                          0.0000   0.0070
0042_origin                        (-12,-12)     51.62   0.4337   0.0080
pos_step100_0042                   (-12,-12)     51.62   0.5188   0.0039
pos_step200_0042                   (-12,-12)     51.62   0.5053   0.0041
pos_step300_0042                   (-12,-12)     51.62   0.5266   0.0037
