clip/config                           offset  leftPSNR    LPIPS    sharp
--- 0301 GT ---                                          0.0000   0.0505
0301_origin                          (-28,0)     46.77   0.4445   0.0235
null_step100_0301                    (-28,0)     46.77   0.4752   0.0203
null_step200_0301                    (-28,0)     46.77   0.4928   0.0190
null_step300_0301                    (-28,0)     46.77   0.5041   0.0184
--- 0042 GT ---                                          0.0000   0.0070
0042_origin                        (-12,-12)     51.62   0.4337   0.0080
null_step100_0042                  (-12,-12)     51.62   0.4391   0.0074
null_step200_0042                  (-12,-12)     51.62   0.4434   0.0070
null_step300_0042                  (-12,-12)     51.62   0.4465   0.0068
