clip/config                           offset  leftPSNR    LPIPS    sharp
--- 0301 GT ---                                          0.0000   0.0505
0301_origin                          (-28,0)     46.77   0.4445   0.0235
0301_originattn_e001                 (-28,0)     46.42   0.7371   0.0109
0301_e001_condx0.18215               (-28,0)     46.42   0.9144   0.0014
0301_origin_condx0.18215             (-28,0)     46.42   0.6479   0.0116
0301_hyb_e1all                       (-28,0)     46.42   0.7371   0.0109
0301_hyb_e1high                      (-28,0)     46.77   0.4453   0.0236
0301_hyb_e1low                       (-28,0)     46.42   0.7329   0.0108
0301_hyb_e1up3                       (-28,0)     46.42   0.7433   0.0100
0301_hyb_e1down0                     (-28,0)     46.77   0.4312   0.0235
0301_e001_fc2_condx1                 (-28,0)     46.77   0.5085   0.0205
0301_origin_fc2_condx1               (-28,0)     46.77   0.4937   0.0433
0301_e001_fc2_condx0.18215           (-28,0)     46.42   0.9142   0.0048
