0301 origin_mp4v 8 1.01 0
0301 origin_ll 8 1.01 1
0204 origin_ll 8 1.01 1
0052 origin_ll 8 1.01 1
0147 origin_ll 8 1.01 1
0301 s25_ll 25 1.01 1
0204 s25_ll 25 1.01 1
0052 s25_ll 25 1.01 1
0147 s25_ll 25 1.01 1
0301 g125_ll 8 1.25 1
0204 g125_ll 8 1.25 1
0052 g125_ll 8 1.25 1
0147 g125_ll 8 1.25 1
0042 origin_ll 8 1.01 1
0125 origin_ll 8 1.01 1
0128 origin_ll 8 1.01 1
0141 origin_ll 8 1.01 1
0170 origin_ll 8 1.01 1
0225 origin_ll 8 1.01 1
0251 origin_ll 8 1.01 1
0259 origin_ll 8 1.01 1
0042 g125_ll 8 1.25 1
0125 g125_ll 8 1.25 1
0128 g125_ll 8 1.25 1
0141 g125_ll 8 1.25 1
0170 g125_ll 8 1.25 1
0225 g125_ll 8 1.25 1
0251 g125_ll 8 1.25 1
0259 g125_ll 8 1.25 1
0301 g115_ll 8 1.15 1
0204 g115_ll 8 1.15 1
0052 g115_ll 8 1.15 1
0147 g115_ll 8 1.15 1
0301 g140_ll 8 1.40 1
0204 g140_ll 8 1.40 1
0052 g140_ll 8 1.40 1
0147 g140_ll 8 1.40 1
