clip/config                           offset  leftPSNR    LPIPS    sharp
--- 0042 GT ---                                          0.0000   0.0070
0042_origin                        (-12,-12)     51.62   0.4337   0.0080
0042_originattn_e002               (-12,-12)     51.62   0.5111   0.0042
--- 0052 GT ---                                          0.0000   0.0099
0052_origin                        (-12,-12)     52.06   0.4432   0.0136
0052_originattn_e002               (-12,-12)     52.06   0.5136   0.0078
--- 0125 GT ---                                          0.0000   0.0114
0125_origin                        (-12,-12)     50.56   0.4768   0.0094
0125_originattn_e002               (-12,-12)     52.53   0.6316   0.0047
--- 0128 GT ---                                          0.0000   0.0105
0128_origin                        (-12,-12)     50.04   0.4146   0.0136
0128_originattn_e002               (-12,-12)     50.04   0.6049   0.0059
--- 0141 GT ---                                          0.0000   0.0036
0141_origin                        (-12,-12)     55.14   0.4709   0.0049
0141_originattn_e002               (-12,-12)     55.14   0.5118   0.0026
--- 0147 GT ---                                          0.0000   0.0039
0147_origin                        (-12,-12)     50.68   0.5183   0.0066
0147_originattn_e002               (-12,-12)     50.68   0.5188   0.0043
--- 0170 GT ---                                          0.0000   0.0323
0170_origin                          (-28,0)     47.71   0.2617   0.0164
0170_originattn_e002                 (-28,0)     47.71   0.4133   0.0084
--- 0204 GT ---                                          0.0000   0.0116
0204_origin                          (-28,0)     48.90   0.2122   0.0062
0204_originattn_e002                 (-28,0)     49.41   0.3421   0.0038
--- 0225 GT ---                                          0.0000   0.0132
0225_origin                          (-28,0)     45.24   0.2837   0.0113
0225_originattn_e002                 (-28,0)     45.24   0.4058   0.0068
--- 0251 GT ---                                          0.0000   0.0173
0251_origin                          (-28,0)     50.90   0.3505   0.0084
0251_originattn_e002                 (-28,0)     50.90   0.4456   0.0049
--- 0259 GT ---                                          0.0000   0.0450
0259_origin                          (-28,0)     45.92   0.4397   0.0311
0259_originattn_e002                 (-28,0)     46.60   0.5298   0.0268
--- 0301 GT ---                                          0.0000   0.0505
0301_origin                          (-28,0)     46.77   0.4445   0.0235
0301_originattn_e002                 (-28,0)     46.42   0.7630   0.0099
--- 0160 GT ---                                          0.0000   0.0526
0160_origin                          (-28,0)     46.21   0.4387   0.0269
0160_originattn_e002                 (-28,0)     46.21   0.5386   0.0161
