clip/config                           offset  leftPSNR    LPIPS    sharp
--- 0042 GT ---                                          0.0000   0.0070
0042_origin                        (-12,-12)     51.62   0.4337   0.0080
0042_gt_v2_e002                    (-12,-12)     53.26   0.9960   0.0018
--- 0052 GT ---                                          0.0000   0.0099
0052_origin                        (-12,-12)     52.06   0.4432   0.0136
0052_gt_v2_e002                    (-12,-12)     50.62   1.0448   0.0019
--- 0125 GT ---                                          0.0000   0.0114
0125_origin                        (-12,-12)     50.56   0.4768   0.0094
0125_gt_v2_e002                    (-12,-12)     52.53   0.9845   0.0017
--- 0128 GT ---                                          0.0000   0.0105
0128_origin                        (-12,-12)     50.04   0.4146   0.0136
0128_gt_v2_e002                    (-12,-12)     52.65   1.1174   0.0017
--- 0141 GT ---                                          0.0000   0.0036
0141_origin                        (-12,-12)     55.14   0.4709   0.0049
0141_gt_v2_e002                    (-12,-12)     55.14   0.8261   0.0018
--- 0147 GT ---                                          0.0000   0.0039
0147_origin                        (-12,-12)     50.68   0.5183   0.0066
0147_gt_v2_e002                    (-12,-12)     50.68   0.7570   0.0018
--- 0170 GT ---                                          0.0000   0.0323
0170_origin                          (-28,0)     47.71   0.2617   0.0164
0170_gt_v2_e002                      (-28,0)     47.71   1.0537   0.0018
--- 0204 GT ---                                          0.0000   0.0116
0204_origin                          (-28,0)     48.90   0.2122   0.0062
0204_gt_v2_e002                      (-28,0)     49.41   1.0674   0.0019
--- 0225 GT ---                                          0.0000   0.0132
0225_origin                          (-28,0)     45.24   0.2837   0.0113
0225_gt_v2_e002                      (-28,0)     47.16   1.1236   0.0018
--- 0251 GT ---                                          0.0000   0.0173
0251_origin                          (-28,0)     50.90   0.3505   0.0084
0251_gt_v2_e002                      (-28,0)     48.79   1.0077   0.0019
--- 0259 GT ---                                          0.0000   0.0450
0259_origin                          (-28,0)     45.92   0.4397   0.0311
0259_gt_v2_e002                      (-28,0)     46.60   1.1363   0.0020
--- 0301 GT ---                                          0.0000   0.0505
0301_origin                          (-28,0)     46.77   0.4445   0.0235
0301_gt_v2_e002                      (-28,0)     46.42   1.1339   0.0018
--- 0160 GT ---                                          0.0000   0.0526
0160_origin                          (-28,0)     46.21   0.4387   0.0269
0160_gt_v2_e002                      (-28,0)     45.99   1.1651   0.0019
