clip/config                           offset  leftPSNR    LPIPS    sharp
--- 0042 GT ---                                          0.0000   0.0070
0042_origin                        (-12,-12)     51.62   0.4337   0.0080
0042_all_8k                        (-12,-12)     51.62   0.4344   0.0083
--- 0052 GT ---                                          0.0000   0.0099
0052_origin                        (-12,-12)     52.06   0.4432   0.0136
0052_all_8k                        (-12,-12)     52.06   0.4428   0.0139
--- 0125 GT ---                                          0.0000   0.0114
0125_origin                        (-12,-12)     50.56   0.4768   0.0094
0125_all_8k                        (-12,-12)     50.56   0.4738   0.0098
--- 0128 GT ---                                          0.0000   0.0105
0128_origin                        (-12,-12)     50.04   0.4146   0.0136
0128_all_8k                        (-12,-12)     50.04   0.4127   0.0142
--- 0141 GT ---                                          0.0000   0.0036
0141_origin                        (-12,-12)     55.14   0.4709   0.0049
0141_all_8k                        (-12,-12)     55.14   0.4732   0.0050
--- 0147 GT ---                                          0.0000   0.0039
0147_origin                        (-12,-12)     50.68   0.5183   0.0066
0147_all_8k                        (-12,-12)     50.68   0.5179   0.0066
--- 0170 GT ---                                          0.0000   0.0323
0170_origin                          (-28,0)     47.71   0.2617   0.0164
0170_all_8k                          (-28,0)     47.71   0.2592   0.0171
--- 0204 GT ---                                          0.0000   0.0116
0204_origin                          (-28,0)     48.90   0.2122   0.0062
0204_all_8k                          (-28,0)     48.90   0.2091   0.0063
--- 0225 GT ---                                          0.0000   0.0132
0225_origin                          (-28,0)     45.24   0.2837   0.0113
0225_all_8k                          (-28,0)     45.24   0.2828   0.0114
--- 0251 GT ---                                          0.0000   0.0173
0251_origin                          (-28,0)     50.90   0.3505   0.0084
0251_all_8k                          (-28,0)     50.90   0.3494   0.0086
--- 0259 GT ---                                          0.0000   0.0450
0259_origin                          (-28,0)     45.92   0.4397   0.0311
0259_all_8k                          (-28,0)     45.92   0.4415   0.0335
--- 0301 GT ---                                          0.0000   0.0505
0301_origin                          (-28,0)     46.77   0.4445   0.0235
0301_all_8k                          (-28,0)     46.77   0.4316   0.0254
--- 0160 GT ---                                          0.0000   0.0526
0160_origin                          (-28,0)     46.21   0.4387   0.0269
0160_all_8k                          (-28,0)     46.21   0.4408   0.0272
